Precision: 0.8670988649923486
Recall: 0.8041871921182266
mAP@0.5: 0.8784240546262557
mAP@[.5:.95]: 0.5894784702118087
Fitness: 0.6183730286532534
